18, 20, 21, 22, 23, 25, 42, 43, 49, 53, 67, 68, 69, 70, 79, 80, 101, 102, 105, 107,
108, 109, 110, 111, 113, 115, 117, 118, 119, 123, 135, 137, 138, 139, 143, 153, 156,
158, 161, 162, 170, 179, 194, 199, 213, 218, 220, 280, 401, 427, 434, 443, 445, 465,
587, 631, 636, 691, 706, 853, 989, 990, 992, 993, 995, 1080, 1194, 1293, 1433, 1434,
1755, 1863, 2775, 3306, 5432, 5985, 5986, 8000, 8008, 8080, 9389, 11371

3389           - Remote Desktop Protocol (RDP)

(104 == 11112) - Medical Equipment Default ports

(6665 -> 6669) - IRC Ports Range

(6881 -> 6999) - BitTorrent Ports Range

(17224, 17225) - Ports used in train communications